*time,DMM,FKN
0.0,0.0,0.0
5.07219665451e-05,1.96157287746e-07,0.0
0.000100400277006,2.97536166727e-06,0.0
0.000150012303493,1.46509783008e-05,0.0
0.00020034366753,4.60379560536e-05,0.0
0.000250646524364,0.000111400811875,0.0
0.000300170533592,0.000226358315558,0.0
0.000350446556695,0.000415320973843,0.0
0.000400716700824,0.000701115466654,0.0
0.000450221647043,0.00110342295375,0.0
0.00050048599951,0.00166374898981,0.0
0.000550748896785,0.00240872730501,0.0
0.00060024933191,0.00335588189773,0.0
0.000650510715786,0.00456971349195,0.0
0.000700010103174,0.00604970054701,0.0
0.000750270672143,0.00787983462214,0.0
0.000800531066488,0.010079856962,0.0
0.000850029813591,0.01264821738,0.0
0.000900289916899,0.0157055817544,0.0
0.000950549961999,0.0192585270852,0.0
0.00100004847627,0.0232842117548,0.0
0.00105030834675,0.0279496982694,0.0
0.00110056821723,0.0332411676645,0.0
0.00115006661508,0.0391070358455,0.0
0.00120032648556,0.045771047473,0.0
0.00125058623962,0.0531916730106,0.0
0.00130008452106,0.0612812750041,0.0
0.00135034427512,0.0703307539225,0.0
0.00140060402919,0.0802636444569,0.0
0.00145010231063,0.090949319303,0.0
0.00150036206469,0.102756097913,0.0
0.00155062181875,0.115565627813,0.0
0.00160011998378,0.129197895527,0.0
0.00165037962142,0.144108325243,0.0
0.00170063937549,0.160130277276,0.0
0.00175013754051,0.177028492093,0.0
0.00180039717816,0.195354506373,0.0
0.00185065693222,0.214887440205,0.0
0.00190015498083,0.235331833363,0.0
0.00195041461848,0.257343173027,0.0
0.00200067437254,0.280641198158,0.0
0.00205017230473,0.30486613512,0.0
0.0021004320588,0.330783993006,0.0
0.00215069158003,0.358050882816,0.0
0.00220018974505,0.386239439249,0.0
0.00225044926628,0.416231423616,0.0
0.00230070878752,0.447615891695,0.0
0.00235020671971,0.479895800352,0.0
0.00240046624094,0.51407212019,0.0
0.00245072576217,0.549664676189,0.0
0.0025002239272,0.586105406284,0.0
0.0025504832156,0.624516665936,0.0
0.00260074273683,0.664347469807,0.0
0.00265024066903,0.704958856106,0.0
0.00270049995743,0.747594714165,0.0
0.00275075947866,0.791633009911,0.0
0.00280025717802,0.836364865303,0.0
0.00285051646642,0.883154332638,0.0
0.00290001439862,0.930569469929,0.0
0.00295027368702,0.980052530766,0.0
0.00300032924861,1.03065729141,4.96919238281
0.00305047049187,1.08265030384,10.6443271484
0.00310061126947,1.13592302799,13.3909833984
0.0031500144396,1.18964016438,15.583234375
0.00320015451871,1.24537873268,22.6598320313
0.00325029389933,1.30231714249,30.5388515625
0.0033004314173,1.36042428017,36.5986054688
0.00335056823678,1.41966927052,39.2039414063
0.00340070598759,1.4800208807,41.9949765625
0.0034501068294,1.54053282738,46.1719296875
0.00350024458021,1.60297453403,49.99978125
0.00355038326234,1.66641509533,52.1159414063
0.00360052473843,1.73081767559,52.2223085938
0.00365069438703,1.79617667198,43.5126796875
0.00370046519674,1.86188483238,36.7008242188
0.00375036080368,1.92858600616,37.0793554688
0.00380017724819,1.99596643448,41.0156914062
0.00385028519668,2.06449079514,43.8029023437
0.00390039780177,2.13372993469,43.172296875
0.00395047245547,2.20358157158,42.3123476562
0.00400012079626,2.27345085144,47.59265625
0.00405004248023,2.3442773819,50.6775703125
0.00410071201622,2.41670799255,52.1946171875
0.00415063370019,2.48856139183,52.5780273438
0.0042003323324,2.56053709984,52.952875
0.00425027357414,2.6332681179,53.1318632812
0.00430065346882,2.70700788498,53.9852421875
0.0043503982015,2.7801425457,54.77325
0.00440065329894,2.85431694984,55.5830273437
0.00445046555251,2.92808699608,61.5854257813
0.00450005521998,3.00173997879,63.6895859375
0.00455000717193,3.07611179352,63.2225859375
0.00460052490234,3.15147995949,64.6222539062
0.00465072691441,3.22650051117,68.1552734375
0.00470028165728,3.30064749718,71.179828125
0.00475062197074,3.37604212761,72.67346875
0.00480053201318,3.45084309578,73.5585859375
0.00485057011247,3.52586936951,72.8414765625
0.00490033021197,3.60049819946,73.9540078125
0.00495024165139,3.67536258698,74.165578125
0.00500016333535,3.75024485588,75.7297421875
0.00505045196041,3.8256778717,81.0950078125
0.00510014919564,3.90022349358,83.9137734375
0.00515019381419,3.9752907753,84.386671875
0.00520021934062,4.05032873154,83.7332890625
0.00525004556403,4.12506818771,85.6200234375
0.00530049996451,4.20075035095,88.4035390625
0.00535035785288,4.27553653717,88.9430859375
0.00540027907118,4.35041904449,87.6428359375
0.00545020075515,4.42530107498,86.240515625
0.00550024723634,4.50037097931,85.7229375
0.00555002409965,4.57503652573,86.2054921875
0.00560070201755,4.65105342865,86.02984375
0.00565051333979,4.72576999664,88.4690234375
0.00570039032027,4.80058526993,87.6630078125
0.00575021095574,4.87531661987,86.717421875
0.00580004742369,4.950070858,86.0593046875
0.00585072534159,5.02608776093,86.7651953125
0.00590064655989,5.10097026825,86.633609375
0.00595055101439,5.17582702637,85.7184140625
0.00600047269836,5.25070905685,83.60009375
0.00605039438233,5.32559156418,82.3122734375
0.00610066577792,5.40099906921,82.875109375
0.00615016603842,5.47524929047,84.039375
0.00620034616441,5.5505194664,84.5595859375
0.00625005085021,5.62507629395,85.4246171875
0.00630051176995,5.70076799393,86.0093046875
0.00635041622445,5.77562427521,85.6564765625
0.00640036258847,5.85054397583,84.8665703125
0.00645041372627,5.92562055588,83.828921875
0.0065000038594,6.00000572205,83.40103125
0.00655065849423,6.07598829269,82.9960625
0.00660020299256,6.15030479431,82.268953125
0.00665057590231,6.22586393356,83.5012890625
0.00670029362664,6.30044031143,84.8517421875
0.00675010168925,6.37515258789,85.3663984375
0.00680016586557,6.45024871826,85.3964296875
0.00685065379366,6.5259809494,85.6349140625
0.00690019736066,6.60029602051,85.6299375
0.00695064011961,6.67596006393,85.257484375
0.00700049242005,6.7507390976,84.1683125
0.00705032795668,6.82549238205,83.3076640625
0.00710019795224,6.90029716492,83.764796875
0.00715030916035,6.97546386719,84.2359921875
0.00720017869025,7.05026817322,84.496109375
0.00725037232041,7.12555837631,85.4673828125
0.00730010168627,7.20015239716,86.1261640625
0.0073503931053,7.27558994293,86.0601796875
0.0074004791677,7.35071897507,85.105078125
0.00745002087206,7.42503166199,84.9786171875
0.00750005384907,7.50008058548,85.2917265625
0.00755023350939,7.57535028458,84.7907890625
0.00760001596063,7.65002393723,84.8809921875
0.00765033764765,7.72550630569,85.4165859375
0.0077001163736,7.80017471313,86.2961796875
0.00775017496198,7.87526226044,87.5363046875
0.00780047476292,7.95071172714,87.9336328125
0.00785009097308,8.02513694763,88.1745078125
0.00790028180927,8.10042285919,88.5207421875
0.00795023608953,8.17535305023,88.6086875
0.00800033845007,8.25050735474,88.0255625
0.00805053580552,8.32580375671,87.6288125
0.00810031499714,8.40047264099,87.987203125
0.00815038662404,8.47557926178,88.5227578125
0.00820027384907,8.55041027069,88.6032890625
0.00825047772378,8.62571716309,89.1793515625
0.00830029696226,8.70044517517,90.3398125
0.00835017766804,8.77526664734,90.732015625
0.008400128223,8.85019302368,90.6801953125
0.00845025107265,8.92537689209,90.387765625
0.00850016344339,9.0002450943,90.31690625
0.00855038501322,9.07557678223,90.326109375
0.00860006548464,9.15009880066,88.6275703125
0.00865000393242,9.22500610352,90.179546875
0.00870031304657,9.30047035217,90.9367421875
0.00875050202012,9.37575340271,92.355109375
0.00880040135235,9.45060157776,93.20328125
0.00885031279176,9.52546977997,93.6976015625
0.00890020094812,9.60030174255,94.89778125
0.00895044393837,9.67566680908,95.7735
0.00900042802095,9.75064277649,96.01884375
0.00905016902834,9.82525348663,96.087921875
0.00910026114434,9.90039157867,94.7961328125
0.00915045011789,9.97567558289,97.0265546875
0.00920007098466,10.0501060486,98.813765625
0.00925032887608,10.1254940033,101.744179687
0.00930038280785,10.2005739212,103.54225
0.0093503408134,10.275510788,104.065179688
0.00940001755953,10.3500261307,104.933046875
0.00945039559156,10.4255943298,105.722070312
0.00950005091727,10.5000762939,106.364570313
0.00955001264811,10.5750188828,106.922695312
0.00960024539381,10.6503677368,109.518273437
0.00965023040771,10.7253456116,113.217101563
0.00970043987036,10.8006601334,117.728171875
0.00975020416081,10.8753061295,117.985757812
0.00980006624013,10.9500989914,120.13846875
0.00985015742481,11.0252361298,120.860320312
0.00990018434823,11.1002759933,124.08378125
0.009950440377,11.175661087,124.91796875
0.0100004393607,11.250658989,125.856664063
0.0100502213463,11.3253326416,127.109882813
0.0101003190503,11.400478363,129.544796875
0.0101502807811,11.4754209518,132.244421875
0.0102001177147,11.5501766205,136.81903125
0.0102501921356,11.6252880096,150.298265625
0.0103000216186,11.7000322342,160.08140625
0.0103500057012,11.7750082016,163.11678125
0.0104003548622,11.8505325317,166.523734375
0.0104500502348,11.925075531,180.872078125
0.0105002680793,12.0004014969,193.181296875
0.0105502558872,12.0753831863,196.676296875
0.0106001291424,12.1501932144,200.424828125
0.0106503339484,12.2255010605,204.64946875
0.0107002975419,12.3004465103,207.201
0.0107503542677,12.3755321503,199.70203125
0.0108000785112,12.4501180649,184.67403125
0.0108502283692,12.5253429413,178.530640625
0.0109002394602,12.6003599167,171.41303125
0.0109501313418,12.6751976013,168.33903125
0.0110000325367,12.7500486374,167.4135625
0.0110501535237,12.8252305984,167.2571875
0.0111000956967,12.900144577,168.25753125
0.011150254868,12.9753828049,167.47546875
0.0112003302202,13.0504961014,164.85271875
0.011250289157,13.1254348755,162.380296875
0.0113001931459,13.2002897263,160.531546875
0.0113501939923,13.2752914429,159.490234375
0.0114000178874,13.3500261307,159.6100625
0.0114500662312,13.4250993729,159.03971875
0.0115003259853,13.5004892349,154.595296875
0.0115502169356,13.5753250122,156.42925
0.0116002801806,13.6504201889,156.802625
0.0116502251476,13.7253379822,156.363609375
0.0117000881582,13.8001317978,156.10184375
0.0117503087968,13.875462532,156.429296875
0.0118003506213,13.9505262375,152.740875
0.0118503393605,14.0255088806,151.965984375
0.0119000570849,14.1000852585,154.9218125
0.0119500560686,14.1750841141,153.88621875
0.0120002971962,14.2504453659,151.52665625
0.0120500735939,14.3251104355,153.561484375
0.0121002756059,14.4004125595,156.244984375
0.0121500054374,14.4750089645,155.609328125
0.0122002027929,14.5503044128,156.01540625
0.0122503275052,14.6254901886,155.38390625
0.0123001383618,14.7002077103,154.576375
0.0123500693589,14.7751045227,155.32915625
0.0124000683427,14.8501024246,156.194265625
0.0124501027167,14.9251537323,156.626578125
0.0125002590939,15.0003881454,156.178703125
0.0125500364229,15.0750551224,156.682171875
0.0126001918688,15.1502876282,156.197953125
0.0126502569765,15.2253847122,156.174734375
0.0127000743523,15.3001127243,156.105640625
0.0127501031384,15.3751544952,155.74671875
0.0128000276163,15.4500417709,156.518375
0.0128504019231,15.5256032944,154.862953125
0.0129002612084,15.6003923416,154.914359375
0.0129503393546,15.6755084991,155.5343125
0.0130000263453,15.7500391006,155.506234375
0.0130501929671,15.8252897263,155.919609375
0.0131002562121,15.9003839493,156.124734375
0.013150039129,15.9750585556,156.34675
0.013200272806,16.050409317,156.838484375
0.0132500892505,16.1251335144,157.5279375
0.0133003881201,16.2005825043,158.23784375
0.01335014496,16.2752189636,157.872125
0.0134000619873,16.3500938416,158.73728125
0.013450210914,16.4253158569,160.053203125
0.0135002965108,16.5004444122,159.69090625
0.013550074771,16.5751113892,159.45496875
0.0136002814397,16.6504211426,159.666953125
0.0136503335088,16.7255001068,159.77865625
0.0137000819668,16.8001232147,160.0495
0.0137502746657,16.8754119873,160.629546875
0.0138002950698,16.9504413605,160.274140625
0.0138503303751,17.0254955292,159.12996875
0.0139001915231,17.1002864838,158.893671875
0.0139502678066,17.1754016876,158.12328125
0.014000274241,17.2504119873,158.7514375
0.0140502685681,17.3254032135,159.323828125
0.0141000915319,17.4001369476,156.944640625
0.0141501193866,17.4751796722,158.69178125
0.0142002534121,17.5503787994,157.842109375
0.0142502831295,17.6254253387,154.0355
0.0143002858385,17.7004299164,151.30740625
0.0143502242863,17.7753372192,150.91046875
0.0144002670422,17.8504009247,155.469640625
0.0144502427429,17.9253635406,155.781171875
0.0145003702492,18.0005550385,155.3785625
0.014550271444,18.0754070282,155.709375
0.0146001577377,18.1502361298,154.8008125
0.0146503550932,18.2255325317,163.823875
0.0147003075108,18.3004608154,155.51496875
0.0147501658648,18.3752479553,155.612640625
0.0148000437766,18.4500656128,156.25740625
0.0148500818759,18.5251216888,156.097265625
0.0149000100791,18.6000156403,156.176765625
0.0149500956759,18.6751441956,156.271734375
0.0150001654401,18.7502479553,156.877953125
0.015050294809,18.8254413605,155.918859375
0.0151002034545,18.9003067017,157.066328125
0.0151501810178,18.975271225,155.591875
0.0152003318071,19.0504989624,156.787734375
0.0152500057593,19.1250076294,156.14003125
0.0153003148735,19.2004718781,156.78209375
0.0153501331806,19.2751998901,155.539765625
0.0154001396149,19.3502082825,156.367453125
0.015450312756,19.4254684448,155.51240625
0.0155003098771,19.5004653931,155.712421875
0.0155501598492,19.5752391815,155.87309375
0.015600242652,19.6503639221,155.551125
0.0156501680613,19.7252540588,156.0635
0.0157002899796,19.8004341125,155.701296875
0.0157502312213,19.8753471375,163.38321875
0.0158000346273,19.950050354,155.543453125
0.0158501043916,20.0251560211,154.810859375
0.0159000791609,20.1001186371,153.4745625
0.0159503202885,20.1754798889,154.487515625
0.0160000715405,20.2501068115,154.414875
0.0160500444472,20.3250675201,154.11140625
0.0161002315581,20.4003486633,153.459921875
0.0161502882838,20.4754333496,152.585359375
0.0162002407014,20.5503616333,156.857015625
0.016250083223,20.625125885,152.940296875
0.016300112009,20.7001686096,152.76465625
0.016350030899,20.7750453949,152.2943125
0.0164002105594,20.850315094,154.577609375
0.0164502859116,20.9254283905,151.970515625
0.0165002755821,21.0004138947,151.20934375
0.0165501814336,21.0752735138,151.259453125
0.0166000071913,21.15001297,151.0971875
0.0166501067579,21.2251605988,150.79028125
0.0167001057416,21.300157547,149.28875
0.0167500022799,21.3750038147,152.775015625
0.0168000441045,21.4500656128,149.374734375
0.0168503113091,21.5254669189,153.617390625
0.0169001445174,21.6002159119,149.655609375
0.0169502329081,21.6753501892,150.049046875
0.0170002263039,21.7503395081,150.161609375
0.0170501172543,21.825176239,150.147609375
0.0171002782881,21.9004173279,149.080265625
0.0171500183642,21.9750270844,150.144265625
0.0172000192106,22.0500278473,149.6799375
0.0172502882779,22.1254329681,149.71028125
0.0173001177609,22.200176239,149.629046875
0.0173501875252,22.2752799988,149.465984375
0.0174001511186,22.3502254486,149.8375
0.017450042069,22.4250621796,149.66609375
0.0175002124161,22.5003204346,149.712921875
0.0175503063947,22.575460434,150.1575625
0.0176003258675,22.6504878998,149.97403125
0.0176502484828,22.7253742218,148.923390625
0.0177000537515,22.8000793457,149.756828125
0.0177501123399,22.8751678467,149.7053125
0.0178000982851,22.9501476288,148.60678125
0.017850227654,23.0253410339,146.316546875
0.0179001297802,23.100194931,146.732765625
0.0179503075778,23.1754608154,147.900203125
0.01800009422,23.2501411438,147.348765625
0.018050186336,23.3252792358,147.502796875
0.0181002356112,23.4003543854,147.8680625
0.0181502457708,23.4753684998,147.621390625
0.0182002037764,23.5503063202,148.400765625
0.018250098452,23.6251487732,148.95984375
0.0183002874255,23.7004318237,149.775828125
0.0183500703424,23.7751064301,149.993671875
0.0184001587331,23.8502388,149.689328125
0.018450204283,23.9253063202,150.35821875
0.0185002051294,24.0003089905,150.06115625
0.0185501556844,24.0752334595,150.336796875
0.0186000633985,24.150094986,150.50153125
0.0186502989382,24.2254486084,151.403296875
0.0187001582235,24.3002376556,151.79296875
0.0187503416091,24.3755111694,151.942
0.0188001319766,24.4501991272,152.047546875
0.0188502389938,24.5253582001,152.0070625
0.0189003068954,24.6004600525,152.94325
0.0189503245056,24.6754875183,152.85915625
0.0190002955496,24.7504425049,152.725546875
0.0190502237529,24.8253364563,153.48134375
0.0191001221538,24.900182724,154.868640625
0.0191503316164,24.9754962921,154.605984375
0.0192001350224,25.0502033234,153.423
0.0192502476275,25.125371933,155.475609375
0.0193003341556,25.2005023956,156.100640625
0.0193500630558,25.275094986,155.93440625
0.0194001086056,25.3501625061,156.273734375
0.0194501299411,25.4251937866,156.655109375
0.019500117749,25.5001773834,155.915296875
0.0195500664413,25.5750999451,158.55096875
0.0196002777666,25.6504173279,155.72353125
0.0196501147002,25.7251720428,156.261703125
0.0197002664208,25.8003997803,156.698203125
0.0197500400245,25.8750591278,157.154703125
0.0198001209646,25.9501819611,156.958875
0.0198500081897,26.02501297,154.3181875
0.0199000518769,26.1000766754,154.5955
0.0199500769377,26.1751155853,155.550328125
0.0200000926852,26.2501392365,156.17690625
0.0200500935316,26.3251419067,155.684765625
0.0201000850648,26.4001293182,155.97678125
0.0201500598341,26.4750900269,155.791921875
0.020200015977,26.5500259399,155.192734375
0.0202503595501,26.6255397797,156.1643125
0.0203003007919,26.7004508972,155.52171875
0.0203502383083,26.7753582001,155.48790625
0.0204001460224,26.8502178192,155.09071875
0.0204500388354,26.9250583649,154.320578125
0.0205002967268,27.0004444122,155.528453125
0.0205501820892,27.0752716064,155.69034375
0.0206001084298,27.1501636505,154.541984375
0.0206503663212,27.2255496979,155.579921875
0.0207002349198,27.3003520966,154.71978125
0.0207500979304,27.3751468658,153.641125
0.0208000093699,27.4500160217,154.675765625
0.0208503343165,27.5255012512,154.471359375
0.0209000203758,27.600030899,154.2714375
0.0209501497447,27.6752262115,154.4535625
0.0210000835359,27.750125885,154.044984375
0.0210502911359,27.8254356384,153.6229375
0.0211001113057,27.9001674652,153.443109375
0.0211502797902,27.9754180908,154.374671875
0.0212000701576,28.0501060486,153.3795625
0.0212500989437,28.1251468658,152.880828125
0.0213000513613,28.2000770569,152.7274375
0.0213503297418,28.2754936218,152.61546875
0.021400205791,28.3503093719,151.825125
0.0214500222355,28.4250335693,150.890015625
0.0215002913028,28.5004367828,150.5359375
0.0215501338243,28.5752010345,151.5095625
0.0216000732034,28.6501102448,150.906734375
0.0216501057148,28.7251586914,150.949703125
0.0217002630234,28.8003940582,149.47146875
0.0217501483858,28.8752212524,150.265109375
0.0218001846224,28.9502773285,150.13828125
0.0218503773212,29.0255680084,149.853421875
0.0219003353268,29.1005039215,150.673703125
0.021950347349,29.1755199432,147.4346875
0.0220001265407,29.2501888275,149.281171875
0.022050216794,29.3253250122,148.399234375
0.0221003815532,29.4005718231,147.786109375
0.0221501104534,29.4751644135,148.10203125
0.0222001317888,29.550195694,144.224890625
0.0222503654659,29.6255474091,146.626015625
0.0223000645638,29.7000961304,144.87571875
0.0223502162844,29.7753238678,147.022390625
0.0224000569433,29.8500862122,146.565734375
0.0224503539503,29.9255313873,145.5574375
0.0225003100932,30.0004653931,146.003890625
0.0225501395762,30.0752086639,145.623875
0.0226003043354,30.1504554749,144.189015625
0.0226500444114,30.2250652313,144.22940625
0.0227003358305,30.3005027771,144.10209375
0.0227503236383,30.3754863739,144.278828125
0.0228002239019,30.4503364563,143.847859375
0.0228500775993,30.5251159668,143.98978125
0.0229002442211,30.6003665924,143.028796875
0.0229500401765,30.6750602722,143.30028125
0.0230001062155,30.7501602173,142.26165625
0.0230500176549,30.8250255585,143.111328125
0.0231001488864,30.9002227783,141.884296875
0.0231501050293,30.9751567841,142.832734375
0.0232003219426,31.0504817963,142.192671875
0.0232502352446,31.1253528595,142.48428125
0.023300183937,31.2002754211,140.943796875
0.0233500674367,31.275100708,139.151046875
0.023400016129,31.3500232697,139.739796875
0.0234500840306,31.4251270294,140.289609375
0.0235001239926,31.5001869202,141.61678125
0.0235502161086,31.5753231049,140.5424375
0.0236001554877,31.6502323151,139.2420625
0.0236500091851,31.7250118256,137.290921875
0.023700337857,31.8005084991,137.914140625
0.0237503424287,31.8755130768,138.01040625
0.0238001681864,31.9502506256,138.220609375
0.0238500665873,32.025100708,139.27103125
0.0239002369344,32.100353241,137.93028125
0.0239500775933,32.175113678,134.997
0.0240000691265,32.2501029968,134.660015625
0.0240502133965,32.3253211975,133.465984375
0.0241003427655,32.4005126953,133.539234375
0.0241500157863,32.4750213623,133.5354375
0.0242003500462,32.5505256653,136.314984375
0.0242502819747,32.6254234314,135.336171875
0.024300288409,32.7004318237,132.260296875
0.0243501476943,32.7752189636,134.17928125
0.0244001504034,32.850227356,133.0390625
0.0244501419365,32.9252128601,133.65775
0.0245003178716,33.0004768372,133.19759375
0.024550370872,33.0755577087,133.1365625
0.0246001686901,33.1502532959,130.18303125
0.0246501192451,33.2251777649,133.607234375
0.0247000865638,33.3001327515,130.7194375
0.0247500184923,33.3750305176,131.610984375
0.0248003248125,33.4504852295,132.799015625
0.0248503107578,33.5254669189,130.2791875
0.0249002818018,33.6004219055,130.455617187
0.0249501112849,33.6751670837,131.235578125
0.0250001400709,33.7502098083,131.250296875
0.0250502303243,33.8253440857,130.8395
0.0251002814621,33.9004211426,131.98003125
0.0251503400505,33.9755134583,128.989226562
0.0252000428736,34.0500640869,128.809976562
0.0252503659576,34.1255493164,129.71153125
0.0253000445664,34.2000656128,129.636554687
0.0253501348197,34.2752037048,129.657921875
0.0254000984132,34.3501472473,129.308015625
0.0254501514137,34.4252281189,130.287492187
0.0255003292114,34.5004959106,128.241742187
0.025550045073,34.5750656128,128.69315625
0.0256000645459,34.6500968933,126.901085937
0.0256502777338,34.7254142761,128.793148438
0.0257003419101,34.8005142212,127.662867187
0.0257503576577,34.8755378723,128.746195312
0.0258000101894,34.9500160217,127.975484375
0.0258500594646,35.0250892639,127.850554687
0.0259000957012,35.1001434326,125.361734375
0.0259501188993,35.1751785278,125.49178125
0.0260001681745,35.25025177,125.843679687
0.0260501448065,35.3252182007,124.87646875
0.0261001363397,35.4002037048,124.56653125
0.0261501539499,35.4752311707,124.789507813
0.0262001901865,35.5502853394,124.344617188
0.0262503325939,35.6254997253,124.327953125
0.0263000875711,35.7001304626,124.893085938
0.0263500958681,35.7751426697,123.485078125
0.0264002140611,35.8503189087,124.146335937
0.0264500230551,35.925037384,123.224765625
0.0265001300722,36.0001945496,123.865914062
0.0265502147377,36.0753250122,123.37859375
0.0266003180295,36.1504745483,123.067242187
0.0266503114253,36.2254676819,122.40096875
0.0267001334578,36.3001976013,122.786242187
0.0267502255738,36.3753395081,122.709304687
0.0268002469093,36.4503707886,120.630085937
0.0268502514809,36.5253791809,122.650992187
0.0269003156573,36.6004714966,122.458359375
0.0269500203431,36.6750335693,119.688820312
0.0270000305027,36.7500457764,121.506601562
0.0270500294864,36.8250465393,119.809976562
0.0271000564098,36.9000854492,121.820945313
0.0271501485258,36.9752235413,119.370929687
0.0272001940757,37.0502929688,119.342664063
0.0272502135485,37.1253204346,119.197835938
0.0273002870381,37.2004318237,121.838109375
0.0273502804339,37.2754211426,119.719992187
0.0274003520608,37.350528717,119.743945313
0.0274503510445,37.4255256653,119.60759375
0.0275000166148,37.5000228882,119.681078125
0.0275501254946,37.5751876831,118.7346875
0.027600178495,37.6502685547,119.006320312
0.0276502687484,37.725402832,118.528617188
0.0277000386268,37.8000564575,118.576617188
0.027750140056,37.8752098083,118.328953125
0.0278001613915,37.9502449036,118.131601562
0.0278500150889,38.0250244141,117.868460938
0.0279002320021,38.1003494263,117.88334375
0.0279500354081,38.1750526428,117.207914062
0.0280001219362,38.2501831055,117.010734375
0.0280503481627,38.3255195618,116.7681875
0.0281001385301,38.4002075195,116.580640625
0.028150273487,38.4754104614,116.516679688
0.0282001644373,38.5502471924,116.031140625
0.0282503571361,38.6255340576,115.775726562
0.0283000618219,38.7000923157,115.97625
0.0283501259983,38.775188446,116.311085937
0.0284002777189,38.8504180908,115.272804687
0.0284500159323,38.9250259399,115.094742188
0.0285002011806,39.0003013611,114.644023437
0.0285500176251,39.0750274658,114.245726562
0.0286001451313,39.1502189636,114.34678125
0.02865023911,39.2253570557,113.988921875
0.0287000294775,39.3000450134,114.021453125
0.0287502072752,39.3753128052,113.548039062
0.0288003496826,39.4505233765,113.850109375
0.0288502257317,39.5253410339,113.363054687
0.028900327161,39.6004905701,113.36821875
0.0289501622319,39.6752433777,112.964484375
0.0290002822876,39.7504234314,112.750492188
0.0290500987321,39.8251457214,112.7490625
0.029100202024,39.900302887,112.47353125
0.0291501674801,39.9752502441,112.269734375
0.0292000062764,40.0500068665,111.639570312
0.0292502772063,40.125415802,111.713398438
0.0293001160026,40.200176239,111.539585937
0.0293503124267,40.2754669189,111.4759375
0.0294001977891,40.3502960205,111.394234375
0.0294500049204,40.4250068665,111.169578125
0.0295002516359,40.500377655,111.286929688
0.0295501053333,40.5751571655,110.813273438
0.0296003632247,40.6505432129,110.498484375
0.0296501833946,40.7252731323,110.425351562
0.0297000799328,40.8001174927,110.504578125
0.0297503471375,40.8755226135,110.080695312
0.0298002623022,40.9503936768,109.643023438
0.0298500992358,41.0251464844,109.892132812
0.0299003552645,41.1005325317,109.709414063
0.0299501549453,41.1752319336,109.8545625
0.030000096187,41.2501449585,109.697585937
0.0300503671169,41.325553894,109.19228125
0.0301002841443,41.4004249573,109.172101563
0.0301501695067,41.4752540588,108.755429687
0.0302000753582,41.550113678,108.798351563
0.0302502159029,41.6253242493,108.404570312
0.030300334096,41.7005004883,108.383921875
0.0303501673043,41.7752532959,108.028234375
0.0304003302008,41.8504981995,107.938265625
0.030450347811,41.9255218506,107.28759375
0.0305003039539,42.0004577637,106.809242188
0.0305502526462,42.075378418,106.29190625
0.0306002050638,42.1503067017,108.410953125
0.0306501351297,42.2252044678,105.476125
0.0307001695037,42.3002548218,105.295039062
0.0307503435761,42.3755149841,107.718515625
0.0308000668883,42.4500999451,107.637179687
0.0308503713459,42.5255584717,107.02034375
0.0309001430869,42.6002159119,106.98721875
0.0309502091259,42.6753158569,107.034820313
0.0310003496706,42.7505226135,108.77490625
0.0310501083732,42.8251609802,107.141640625
0.0311003290117,42.9004936218,107.415453125
0.0311502702534,42.975402832,106.637945312
0.0312001202255,43.0501785278,108.682375
0.0312503166497,43.1254768372,107.288484375
0.0313000045717,43.2000083923,107.463710937
0.0313503220677,43.2754821777,107.959640625
0.0314000658691,43.3500976562,108.682257812
0.0314503312111,43.4254989624,110.11559375
0.0315000675619,43.5001029968,110.354859375
0.0315501689911,43.5752563477,111.033921875
0.0316002182662,43.6503257751,111.700734375
0.0316503308713,43.7254981995,111.125414062
0.0317002087831,43.8003158569,112.350101563
0.0317501910031,43.8752861023,113.191335937
0.0318001918495,43.9502868652,112.150460938
0.0318503342569,44.0255012512,112.715289063
0.0319003649056,44.1005477905,111.508601563
0.031950134784,44.175201416,114.8801875
0.0320000350475,44.2500534058,113.616992188
0.0320503376424,44.3255081177,114.739625
0.0321000814438,44.4001235962,114.981203125
0.0321502052248,44.4753112793,114.237335938
0.0322000682354,44.5500984192,115.502671875
0.0322500057518,44.6250114441,115.54284375
0.0323002524674,44.700378418,115.845445313
0.0323500856757,44.7751312256,115.552625
0.0324000008404,44.8500022888,115.952179688
0.0324501693249,44.9252510071,116.087585937
0.0325000435114,45.0000648499,116.0406875
0.032550022006,45.0750312805,116.034164062
0.0326003544033,45.1505317688,116.228742188
0.0326500572264,45.2250862122,115.63284375
0.0327002070844,45.3003120422,115.767585938
0.0327503047884,45.375453949,116.26421875
0.0328003428876,45.4505157471,115.570554688
0.0328501090407,45.5251655579,116.582882813
0.0329002477229,45.6003723145,116.198554688
0.0329500250518,45.6750335693,115.484890625
0.0330000221729,45.7500343323,115.72490625
0.0330501869321,45.8252792358,115.556476562
0.033100232482,45.900352478,115.775617188
0.0331501476467,45.9752197266,115.437992188
0.0332001969218,46.0502967834,116.020101563
0.0332501418889,46.125213623,115.50659375
0.0333001762629,46.2002639771,115.724523437
0.0333500392735,46.2750587463,115.551976563
0.0334001034498,46.3501548767,115.142820313
0.0334500744939,46.425113678,115.635859375
0.0335003063083,46.5004577637,115.43903125
0.0335501804948,46.5752677917,115.088179688
0.03360016644,46.6502494812,114.57740625
0.0336501449347,46.7252197266,114.539367188
0.0337002500892,46.8003768921,115.210429687
0.0337501615286,46.8752403259,115.026242188
0.0338000878692,46.9501342773,114.881859375
0.0338499993086,47.0249977112,114.762164063
0.033900283277,47.1004257202,114.612945313
0.0339502319694,47.1753463745,114.688375
0.0340001620352,47.2502441406,114.7715625
0.0340501330793,47.3252029419,114.375117187
0.0341000258923,47.4000358582,114.730601562
0.0341502353549,47.475353241,113.69603125
0.0342000499368,47.550075531,114.099296875
0.034250292927,47.6254386902,113.681648438
0.0343000926077,47.7001419067,114.212585937
0.0343502759933,47.7754135132,114.181523438
0.0344000868499,47.8501319885,114.160367188
0.0344503186643,47.9254798889,115.555773437
0.0345001369715,48.0002059937,114.554921875
0.034550331533,48.0754928589,115.5366875
0.0346001572907,48.1502342224,115.834492188
0.034650363028,48.2255439758,116.566867187
0.0347002148628,48.3003234863,116.324445313
0.0347500219941,48.3750343323,116.567898438
0.0348002053797,48.4503097534,116.594554687
0.0348500423133,48.525062561,116.017429687
0.034900277853,48.6004180908,116.33384375
0.0349501147866,48.6751747131,116.984765625
0.0350003316998,48.7504997253,117.22134375
0.0350501835346,48.8252716064,117.488492188
0.0351000502706,48.9000778198,117.236890625
0.0351502783597,48.9754142761,118.031515625
0.0352001301944,49.0501976013,118.2159375
0.0352500006557,49.125,117.812179688
0.0353002585471,49.2003898621,116.892203125
0.035350099206,49.2751502991,117.95975
0.0354003384709,49.3505058289,117.085078125
0.0354502424598,49.4253616333,117.437351562
0.0355001501739,49.5002250671,118.173132813
0.0355500429869,49.5750656128,118.225304687
0.0356002524495,49.6503829956,118.590945312
0.0356500893831,49.7251358032,119.70871875
0.0357003472745,49.8005218506,118.720242188
0.0357502549887,49.8753852844,117.141929687
0.0358002483845,49.9503707886,119.008078125
0.0358502715826,50.0254096985,118.86721875
0.0359002500772,50.1003723145,117.957835937
0.0359501615167,50.1752433777,118.886257813
0.0360000953078,50.2501411438,118.662789062
0.0360500477254,50.3250732422,118.214335937
0.03610008955,50.400138855,118.607523438
0.0361500531435,50.4750785828,119.374929687
0.0362000763416,50.550113678,119.40671875
0.0362500958145,50.6251411438,119.669835937
0.0363001190126,50.7001800537,120.091273438
0.0363502018154,50.7752990723,120.062039063
0.0364002212882,50.8503303528,120.529632812
0.0364502444863,50.9253692627,121.059828125
0.0365003310144,51.0004997253,121.1385
0.0365500040352,51.0750045776,121.302320313
0.0366002954543,51.1504440308,121.812140625
0.0366500765085,51.2251167297,121.9521875
0.0367003232241,51.3004837036,122.334609375
0.0367500334978,51.3750495911,122.226601562
0.0368002466857,51.4503707886,123.02121875
0.0368503145874,51.5254745483,122.636
0.0369003415108,51.6005134583,122.85284375
0.0369503349066,51.6754989624,122.628726563
0.0370001159608,51.7501716614,123.1249375
0.0370502844453,51.8254241943,122.602914063
0.0371001176536,51.900177002,122.997476562
0.0371503457427,51.9755172729,123.034414063
0.0372000671923,52.0501022339,123.308359375
0.0372502841055,52.1254272461,123.240734375
0.0373002290726,52.200340271,123.207789062
0.0373500883579,52.2751312256,121.6365
0.0374003425241,52.3505172729,124.003898437
0.0374502167106,52.425327301,123.343773438
0.037500333041,52.50050354,122.390671875
0.0375501066446,52.5751571655,123.132734375
0.0376003757119,52.6505661011,122.860757812
0.0376501269639,52.7251930237,123.028710937
0.0377002619207,52.8003959656,122.59709375
0.0377503819764,52.8755760193,123.2770625
0.0378001816571,52.9502754211,123.217648438
0.0378503538668,53.0255317688,123.260460937
0.0379002019763,53.1003036499,123.38253125
0.0379501581192,53.1752357483,122.5230625
0.0380000919104,53.2501373291,123.220609375
0.0380500815809,53.3251228333,122.67296875
0.0381003282964,53.4004898071,122.654578125
0.03815016523,53.4752502441,122.697984375
0.0382000505924,53.550075531,122.762570313
0.0382502749562,53.6254119873,122.02578125
0.0383001975715,53.7002944946,122.04125
0.0383500419557,53.7750663757,122.156734375
0.0384001769125,53.8502655029,121.648757812
0.038450114429,53.9251708984,121.763171875
0.0385003462434,54.0005226135,121.908789063
0.0385501012206,54.0751495361,121.347117188
0.0386001355946,54.1502075195,121.448851562
0.0386502668262,54.2253990173,121.29246875
0.0387001484632,54.3002204895,121.230640625
0.0387502983212,54.3754501343,121.018914063
0.0388003662229,54.4505500793,121.333804688
0.0388502962887,54.5254440308,121.155328125
0.0389002561569,54.6003875732,120.842601562
0.0389500595629,54.6750907898,121.151835937
0.0390001535416,54.7502326965,121.136789063
0.0390501692891,54.825252533,121.036390625
0.0391002595425,54.9003868103,121.500609375
0.0391503535211,54.975528717,122.200820312
0.0392000600696,55.0500907898,121.446421875
0.0392501950264,55.125289917,121.566195312
0.0393000617623,55.2000961304,121.51725
0.0393500626087,55.2750930786,122.012578125
0.0394000336528,55.3500518799,122.087960938
0.0394503772259,55.4255638123,121.825757813
0.0395003408194,55.5005073547,121.849992188
0.039549998939,55.5750007629,122.415648437
0.039600353688,55.6505317688,122.414273438
0.0396503657103,55.7255477905,122.099085938
0.0397003516555,55.8005256653,122.334554688
0.039750341326,55.8755111694,122.515757812
0.0398003570735,55.9505348206,122.506984375
0.0398503653705,56.0255470276,122.5243125
0.0399003699422,56.1005554199,122.883242188
0.0399503670633,56.1755485535,122.962453125
0.0400001332164,56.2501983643,122.627625
0.0400501526892,56.3252296448,123.287695313
0.0401002205908,56.4003295898,123.278984375
0.0401503033936,56.4754562378,122.134890625
0.0402002371848,56.5503578186,123.153421875
0.0402501635253,56.6252479553,123.4198125
0.0403001643717,56.7002449036,122.593976563
0.0403500907123,56.7751350403,122.848148438
0.0404000133276,56.8500213623,124.456601562
0.0404503270984,56.925491333,123.284039062
0.0405002646148,57.0003967285,122.862953125
0.0405501872301,57.0752792358,122.971585937
0.0406001806259,57.1502723694,123.33565625
0.0406501591206,57.2252349854,122.9205625
0.0407000891864,57.3001365662,123.426617187
0.0407500527799,57.3750801086,122.67984375
0.0408000797033,57.4501190186,122.940390625
0.0408500134945,57.5250205994,122.861179687
0.04090032354,57.6004867554,123.852789062
0.0409503206611,57.6754798889,124.420109375
0.0410000011325,57.75,122.629984375
0.0410503074527,57.8254585266,123.23534375
0.041100256145,57.9003829956,122.856335938
0.0411503314972,57.9754943848,121.829375
0.0412003025413,58.050453186,123.073898438
0.0412500053644,58.1250076294,122.518695313
0.041300021112,58.2000312805,122.045585937
0.0413500443101,58.2750663757,122.364609375
0.0414000079036,58.3500137329,124.281476563
0.0414503477514,58.4255218506,122.103015625
0.0415000207722,58.5000305176,121.895390625
0.0415500067174,58.5750083923,122.344445312
0.0416003204882,58.6504821777,122.411132812
0.0416502505541,58.7253761292,121.7715
0.0417002625763,58.8003959656,124.381148438
0.0417502596974,58.8753890991,121.485625
0.0418002046645,58.9503097534,122.398507813
0.041850168258,59.0252494812,121.546015625
0.0419001504779,59.100227356,122.741242188
0.0419500805438,59.1751174927,122.435601562
0.0420000255108,59.250038147,122.273695312
0.0420503467321,59.3255195618,123.018484375
0.0421003103256,59.4004631042,124.014875
0.0421502627432,59.4753913879,123.504070313
0.0422002002597,59.5503005981,123.441992188
0.0422501154244,59.6251754761,123.44578125
0.0423001013696,59.7001533508,124.282539063
0.0423500649631,59.7750968933,124.235070312
0.0424003601074,59.8505439758,125.131679687
0.0424503497779,59.9255256653,124.752195313
0.0425002835691,60.0004234314,125.24171875
0.0425502024591,60.075302124,126.218203125
0.0426001362503,60.1502075195,124.982085938
0.0426500588655,60.2250862122,126.933773437
0.0427003614604,60.3005447388,126.294085938
0.0427503399551,60.3755111694,127.306804688
0.0428002588451,60.4503860474,127.718015625
0.0428501702845,60.5252571106,128.270382813
0.0429001152515,60.6001701355,128.514320312
0.0429500751197,60.6751098633,128.634992187
0.0430003777146,60.7505645752,129.20359375
0.0430503599346,60.8255386353,129.44534375
0.0431003235281,60.9004859924,128.73090625
0.043150331825,60.9754981995,127.852507812
0.0432002618909,61.0503921509,128.62021875
0.043250259012,61.1253890991,129.411742188
0.0433001741767,61.2002601624,129.665007812
0.0433501750231,61.27526474,130.014875
0.0434002354741,61.350353241,130.464976562
0.0434502437711,61.425365448,131.538046875
0.0435002036393,61.5003051758,130.91078125
0.0435500815511,61.5751266479,129.475171875
0.0436000749469,61.6501121521,130.974773438
0.0436500348151,61.7250556946,130.9665
0.0437000319362,61.8000488281,131.441109375
0.0437500961125,61.8751411438,130.311742187
0.0438000075519,61.950012207,127.827265625
0.0438500270247,62.0250396729,126.503921875
0.0439002327621,62.1003494263,127.809773437
0.0439501032233,62.1751556396,128.40221875
0.0440003685653,62.2505531311,130.5460625
0.0440502688289,62.3254051208,129.5754375
0.0441001988947,62.4002990723,129.56159375
0.0441501066089,62.4751586914,130.237039063
0.0442000068724,62.5500106812,131.201140625
0.0442503094673,62.6254615784,131.209671875
0.0443003624678,62.7005462646,130.65928125
0.0443502143025,62.7753219604,131.29540625
0.0444003604352,62.8505401611,131.74053125
0.0444502271712,62.9253425598,130.488234375
0.0445000641048,63.0000953674,131.593703125
0.0445502512157,63.075378418,131.924859375
0.044600084424,63.1501235962,130.50446875
0.0446502938867,63.2254447937,131.78965625
0.0447001606226,63.300239563,131.9793125
0.0447500534356,63.3750839233,132.147578125
0.0448002517223,63.450378418,131.24321875
0.0448500327766,63.5250511169,132.55696875
0.0449002459645,63.6003723145,133.140390625
0.0449500381947,63.6750564575,132.583265625
0.045000128448,63.7501945496,132.378125
0.0450503341854,63.825504303,130.588632813
0.0451000593603,63.9000854492,131.48609375
0.0451502129436,63.9753227234,131.498015625
0.045200355351,64.0505371094,132.653390625
0.0452500991523,64.1251449585,133.024453125
0.0453002788126,64.2004165649,133.09140625
0.0453503727913,64.2755584717,133.13890625
0.0454001389444,64.3502044678,133.180421875
0.0454502813518,64.4254226685,132.560828125
0.0455003418028,64.5005111694,133.799578125
0.04555016011,64.5752410889,132.551296875
0.0456000193954,64.6500320435,133.810390625
0.0456500984728,64.7251434326,133.006
0.0457001663744,64.8002471924,133.90371875
0.0457502268255,64.8753433228,133.749015625
0.0458002872765,64.9504318237,133.918375
0.0458503477275,65.0255203247,133.0005625
0.0459000729024,65.1001052856,134.50828125
0.0459503382444,65.1755065918,133.250984375
0.0460000485182,65.2500762939,133.35953125
0.0460500642657,65.3250961304,132.91940625
0.0461001694202,65.4002532959,133.12790625
0.0461502969265,65.4754486084,132.818109375
0.0462003611028,65.5505447388,132.829640625
0.0462500676513,65.6250991821,132.975734375
0.0463001169264,65.7001800537,133.174703125
0.0463501214981,65.775177002,133.65265625
0.0464001856744,65.8502807617,133.702234375
0.0464501790702,65.9252700806,134.79403125
0.0465002506971,66.0003738403,135.4069375
0.0465503633022,66.0755386353,135.484921875
0.0466000065207,66.1500091553,136.405328125
0.0466500371695,66.2250518799,136.4575625
0.0467001609504,66.300239563,136.762953125
0.0467501841486,66.3752746582,137.32609375
0.046800211072,66.4503173828,137.895828125
0.0468503013253,66.5254516602,137.761125
0.0469003207982,66.600479126,139.766671875
0.0469503700733,66.6755523682,140.56478125
0.0470003634691,66.7505493164,141.446828125
0.0470500774682,66.8251113892,141.838375
0.0471000745893,66.9001083374,144.197453125
0.0471501350403,66.9752044678,143.309140625
0.0472002699971,67.0504074097,143.588640625
0.0472503714263,67.1255569458,144.851484375
0.0473000407219,67.2000579834,146.140609375
0.0473501309752,67.2751922607,145.729453125
0.0474002063274,67.3503112793,145.754921875
0.0474502705038,67.4254074097,146.276734375
0.0475003495812,67.5005187988,146.891609375
0.0475500747561,67.5751113892,146.562171875
0.0476001538336,67.6502304077,147.516390625
0.0476502142847,67.7253265381,147.179375
0.0477003231645,67.8004837036,146.63328125
0.0477500557899,67.8750839233,147.43484375
0.0478002242744,67.950340271,147.85384375
0.0478503033519,68.0254516602,147.828140625
0.0479000583291,68.1000900269,145.567390625
0.0479501113296,68.1751708984,147.80240625
0.0480001755059,68.2502593994,148.22075
0.0480502955616,68.3254394531,148.475578125
0.0481000132859,68.4000167847,147.397953125
0.0481500811875,68.4751205444,149.742890625
0.0482002012432,68.5503005981,147.951265625
0.0482503287494,68.6254959106,148.425921875
0.0483000949025,68.7001419067,148.30171875
0.04835017398,68.7752609253,148.786171875
0.0484002903104,68.850440979,148.298859375
0.0484500192106,68.9250335693,149.266421875
0.0485001467168,69.0002212524,148.0761875
0.0485503040254,69.0754547119,149.2351875
0.0486000701785,69.150100708,150.305234375
0.048650175333,69.2252655029,149.218125
0.0487003177404,69.3004760742,148.60609375
0.0487500727177,69.3751144409,149.89425
0.0488001890481,69.4502792358,149.5970625
0.0488503687084,69.5255508423,150.262
0.0489001125097,69.6001739502,149.522859375
0.0489502809942,69.6754226685,150.33771875
0.049000069499,69.7501068115,151.9000625
0.049050219357,69.8253326416,151.8141875
0.0491000004113,69.9000015259,152.242234375
0.049150146544,69.9752197266,152.082421875
0.049200296402,70.0504455566,151.81446875
0.0492500737309,70.1251144409,152.340125
0.0493002198637,70.2003326416,150.968421875
0.0493503697217,70.2755584717,150.94425
0.0494001507759,70.350227356,151.432796875
0.0494503043592,70.425453186,152.08809375
0.0495001152158,70.5001754761,150.388296875
0.0495502874255,70.5754318237,152.21353125
0.0496000945568,70.650138855,151.033234375
0.0496502630413,70.7253952026,150.211453125
0.0497000813484,70.8001251221,151.405140625
0.0497502498329,70.8753738403,150.723984375
0.0498000308871,70.950050354,151.922328125
0.0498502068222,71.0253143311,150.668828125
0.0499000325799,71.1000518799,151.235953125
0.0499501973391,71.1752929688,150.729359375
0.0500000007451,71.25,150.268828125
